    24
     1   -0.191793    0.191793   -0.191793       0.031250
     2   -0.383585    0.383585    0.000000       0.031250
     3    0.000000    0.000000    0.000000       0.031250
     4   -0.191793    0.191793    0.191793       0.031250
     5    0.191793   -0.191793    0.191793       0.031250
     6    0.000000    0.000000    0.383585       0.031250
     7    0.383585   -0.383585    0.383585       0.031250
     8    0.191793   -0.191793    0.575378       0.031250
     9    0.000000    0.383585   -0.383585       0.062500
    10   -0.191793    0.575378   -0.191793       0.062500
    11    0.191793    0.191793   -0.191793       0.062500
    12    0.000000    0.383585    0.000000       0.062500
    13    0.383585    0.000000    0.000000       0.062500
    14    0.191793    0.191793    0.191793       0.062500
    15    0.575378   -0.191793    0.191793       0.062500
    16    0.383585    0.000000    0.383585       0.062500
    17    0.191793    0.575378   -0.575378       0.031250
    18    0.000000    0.767171   -0.383585       0.031250
    19    0.383585    0.383585   -0.383585       0.031250
    20    0.191793    0.575378   -0.191793       0.031250
    21    0.575378    0.191793   -0.191793       0.031250
    22    0.383585    0.383585    0.000000       0.031250
    23    0.767171    0.000000    0.000000       0.031250
    24    0.575378    0.191793    0.191793       0.031250
